01.60642 05.35840
01.42903 05.34216
01.65210 05.79019
01.36620 05.10304
01.55630 05.46933
01.58105 05.40235
01.31721 05.11851
01.54197 05.60647
01.44453 05.13363
01.45611 05.39553
01.47865 05.38144
01.46152 05.25497
01.37741 05.22194
01.63756 05.66151
01.36943 05.12997
01.38892 05.52743
01.31669 05.01186
01.49257 05.19398
01.50190 05.40525
01.19430 04.84441
01.53613 05.30480
01.23457 05.03212
01.47526 05.16617
01.48016 05.33541
01.53672 05.31335
01.43403 05.26450
01.39367 05.20046
01.30948 05.12279
01.41489 05.27787
01.41580 05.16920
01.44582 05.48419
01.43838 05.35971
01.63891 05.49190
01.54880 04.87309
02.57245 07.45104
00.84172 04.75897
02.42508 07.17385
01.40672 04.58418
02.03345 05.57201
01.45213 05.20091
01.80799 04.64441
02.12895 04.62989
02.00090 04.19502
01.12893 04.33760
00.73986 02.98637
01.61246 03.98053
01.51457 03.52117
01.65721 04.07807
01.92054 04.65485
01.57289 03.84020
01.60354 03.34866
02.05897 04.00660
01.03100 02.72802
02.07835 04.45777
00.86258 02.88721
01.49976 04.24050
00.50399 02.19436
01.06620 02.94493
01.46338 03.65298
00.60157 03.17269
01.92760 01.43365
01.28504 01.59393
00.56977 01.97588
00.56118 02.21566
00.65377 02.13726
00.53909 02.60081
00.55660 02.06005
00.48977 02.24688
00.50012 01.57367
01.66098 01.23351
00.75660 01.80228
01.47717 01.28022
01.14445 01.39266
00.73324 01.59835
00.69402 00.65372
00.43518 00.93878
00.38595 01.44561
00.80852 00.64163
00.69554 01.83242
01.97488 00.94044
01.00716 02.04709
00.39712 01.95917
00.48175 01.02335
00.44700 01.87757
00.67087 01.45640
01.20025 02.10292
01.47624 01.15621
00.43928 01.72959
00.93584 01.22842
01.55679 02.51855
00.60807 00.47806
00.33648 00.52039
00.37429 00.58417
01.75400 02.89669
01.98660 02.11924
01.47910 00.79721
01.18488 01.47509
00.33137 01.17768
01.02706 01.59295
01.56561 01.04828
00.58527 01.05646
01.04065 01.38194
00.77778 00.73382
00.32741 01.11696
00.94799 01.62795
02.21058 02.80303
00.32811 01.15959
01.34216 01.65465
00.29460 00.76104
00.80680 01.19155
00.36919 00.93544
01.57026 02.21389
02.90008 03.79776
01.74214 02.40862
01.15588 00.98912
00.88613 02.27698
02.16397 01.66737
00.24817 02.13286
00.48003 02.46801
00.28714 00.78134
00.80426 02.44923
00.64396 02.27664
00.11249 01.61782
00.53245 01.22842
00.98345 02.64912
00.81293 01.18100
00.74486 01.79401
01.87523 01.80835
01.46301 01.80097
01.17146 01.31341
00.81754 01.43910
01.01078 01.23668
01.13517 02.64557
01.65445 02.47687
00.49290 02.00654
00.99957 02.50609
00.80500 02.07142
00.61943 01.67580
01.26088 01.85745
02.30690 03.41921
00.42603 02.65826
00.82924 02.22447
01.03361 01.97351
02.54744 02.29922
00.82931 01.87590
02.15199 01.90365
00.30175 01.48250
01.66742 02.10143
00.83063 02.14128
00.23949 01.82171
00.30289 01.89128
02.57766 01.26484
02.05101 01.39435
00.30174 01.94393
00.46170 01.97192
00.22724 01.73275
01.08073 01.57168
00.86045 02.29581
00.34296 01.93910
00.62055 01.59933
01.03023 02.22130
01.55746 01.37171
00.86767 02.30126
00.94230 01.63849
00.21742 02.84736
00.92802 01.93465
00.51201 02.39166
00.32043 02.68084
00.30425 01.92735
01.01767 02.10553
00.83700 02.74004
00.41273 02.91849
00.77600 02.26975
00.98248 01.67674
02.03912 01.59393
02.19380 01.37228
01.67691 01.23605
00.95714 01.44019
00.89621 01.38138
01.56835 01.58359
01.98461 01.25615
00.59100 01.85956
01.46667 02.29001
03.73086 01.18364
01.24308 02.08085
00.73530 02.44122
00.63939 02.65089
01.09038 01.81310
01.82107 01.86880
01.59510 02.02827
01.61355 01.65843
01.41532 01.45908
01.24076 02.43384
01.08198 02.82167
00.32092 03.68138
00.98729 03.73856
00.71027 03.29754
02.36432 03.50870
00.41728 03.32355
00.58912 03.90448
00.59918 04.00504
00.56443 04.52609
01.88475 03.96398
01.54567 03.90889
00.76986 04.18175
01.10350 03.08004
01.20510 03.21703
00.93849 03.37126
01.33425 03.73080
00.86628 03.42950
00.34623 04.55780
02.00937 03.40430
02.93748 03.32119
02.79769 03.28398
00.39898 03.77087
00.51506 03.36219
02.44453 03.60184
02.39030 03.73604
01.43248 03.43839
00.27590 03.85505
00.91039 04.00856
01.46798 03.74295
00.66057 04.34788
00.75839 03.48879
01.00268 03.88781
01.23106 04.32042
01.42178 04.29279
00.42836 03.86093
00.48280 02.80331
01.94235 03.29920
01.62134 02.98453
00.90687 01.81870
00.99546 02.93454
01.33987 02.11072
01.36831 01.85661
00.21662 01.41441
01.62924 03.40223
01.77765 01.74670
02.55853 02.38839
02.18678 02.80498
03.78731 03.16552
03.37589 03.85525
03.03376 03.23136
02.33389 02.80582
02.85496 02.37326
02.89331 02.83689
03.68129 02.95713
03.68408 02.91071
01.98389 03.07088
01.39285 03.10208
01.75110 03.26677
01.52979 02.63994
01.09219 02.88965
02.74514 04.73836
02.72794 03.74191
00.93809 02.83855
02.03234 02.69830
00.05045 02.63965
00.59154 02.47782
00.20807 02.73719
01.21792 03.14443
00.56721 03.25982
00.83719 03.45610
00.97774 01.93384
00.68737 02.25036
01.21264 02.20752
03.31697 02.92064
04.96299 03.29089
00.87215 02.47908
00.73325 03.20167
00.54936 02.61731
00.79013 02.79688
00.11225 02.48161
00.51551 02.75429
00.52582 02.14311
00.64502 02.92867
01.74794 02.21919
01.58092 02.93454
01.66328 02.42126
00.33120 02.31550
01.80926 03.23112
01.55505 03.14443
01.22773 02.90101
00.77387 02.55772
00.20728 02.43480
02.24789 02.99396
01.87589 03.00283
01.35353 02.72141
01.18137 02.60773
01.25177 02.79239
00.51728 02.41608
01.62815 02.73804
00.49536 02.32899
00.46357 02.34840
01.40810 02.32158
00.42119 02.57267
00.55209 02.42126
01.30311 03.07012
00.63546 02.73947
00.42257 02.65885
